1  1
2  2
3  3
4  4
5  5
6  6
7  7
8  8
9  9
10  10
11  11
12  12
13  13
14  14
15  15
16  16
17  17
18  18
19  19
20  20
21  21
22  22
23  23
24  24
25  25
26  25
27  24
28  23
29  22
30  21
31  20
32  19
33  33
34  17
35  16
36  15
37  14
38  13
39  12
40  11
41  10
42  9
43  8
44  7
45  6
46  5
47  4
48  3
49  2
50  50
51  2
52  48
53  4
54  5
55  6
56  7
57  8
58  9
59  10
60  11
61  39
62  13
63  14
64  15
65  16
66  17
67  18
68  19
69  20
70  21
71  22
72  23
73  24
74  25
75  25
76  24
77  23
78  22
79  21
80  20
81  19
82  18
83  17
84  16
85  15
86  14
87  13
88  12
89  11
90  10
91  9
92  8
93  7
94  6
95  5
96  4
97  3
98  2
